111027
627436
671564
737546
878056
1029392
1045298
1159914
1450518
2353789
2372579
4629065
4735737
4786828
5703872
6400274
7020254
7320873
7624182
7724421
7854182
9172417
9391285
9433212
9845586
9966358
10393493
10467747
11171398
11286209
12824209
12828458
12915124
13070701
13079486
13325340
13840107
13957444
14617089
14850843
17468122
18250189
18914916
19193162
20215452
20239565
20871923
20876588
21827849
22079739
22146154
22529346
22843856
22877676
23221002
23936839
24433067
24522770
24586751
24606516
25078924
25183492
26432264
27112021
27312189
27315670
27397122
28290956
29777922
29778064
29831208
29986808
30016911
30028394
30034081
30312916
30531417
30562668
30631330
30816076
31107108
31273263
31303242
31653503
31870141
31998499
32000625
32008233
32093154
32152978
32702481
32932888
33689349
33715938
33742428
33834253
33862174
33864821
34978817
35086365
35744707
36728572
36729364
37601240
38399380
38461578
38462492
38465274
38469787
38541473
38586438
38687360
38699825
38909679
39389004
40288117
41170667
41533230
41896812
42828781
43333148
43533897
43843023
43864479
44623916
44737596
44743153
44790502
44797681
44890224
46313508
46630964
47352608
47380518
47626069
47757785
48499902
48507019
48658291
49534600
49701947
49799894
50189810
50273697
50758245
50897998
51024887
51155192
51960132
51961599
52280468
52641430
53059882
53178352
54630229
55269690
55404385
55451784
55497281
55500860
55524055
55652785
55659311
55753802
55999432
56127811
57258016
58467657
60479151
60977396
61490776
61724376
61898904
63427664
63451547
63941711
64783257
65479458
66715008
67474119
67686223
67707406
67719432
68032870
68545734
70442570
71298511
71612483
72782654
73201833
74627376
76073981
77158150
77320223
77545160
77703308
78076566
78450017
78568736
78817217
79225651
79247714
79271943
79283165
79403459
79548760
80059889
80254085
80650858
80806861
83222019
85694057
85711393
86629981
88465768
88479623
88994025
89018905
89258104
89327422
89358641
89466504
89787778
90185615
90322352
90650244
91369561
91448148
91640647
92132777
92140619
92349924
92352620
92364700
92594505
92628706
92629355
92861431
92877752
92938279
92938280
92980022
93050630
93088834
96799506
97402522
97431593
97486585
97797267
98478039
99254945
99465976
99494149
99646802
99725941
99839685
101070833
101302325
101497151
102929927
106403786
107548305
112401201
113061684
113567527
114988852
115105140
115105263
115108198
115115136
115150623
115288764
115507313
116553919
116890331
117515123
117515674
117544915
117648603
118313102
118389230
119327278
120315082
120334442
120472041
120566395
121007796
121108244
121134517
121277143
121420805
121475494
121568625
121595243
122070918
123036723
123042728
123153249
123416563
123573766
123902605
124106762
125174457
125258133
126564822
126602778
126637765
126659093
126700850
127420450
127843848
127955334
128886984
129268651
129287469
129764561
129782747
129810365
130158363
131081852
131119300
135085261
136995510
137860956
138256675
139061135
139371600
139468902
139700621
139701741
139721086
139732428
139825840
139841210
139845816
139878414
140039144
140044682
140048219
140064648
140142451
140209204
140212820
140659978
140659980
140690428
140736015
140801898
140891597
140893238
141126559
141127435
141148940
141268467
141333573
141411713
141542585
141606986
141607553
141610759
141622065
141685465
141770299
141809359
141867895
141914317
141975903
141975926
141978095
142014932
142018697
142052876
142080812
142105466
142108949
142110536
142148228
142677613
142783746
142811934
142875987
142930937
142945544
143350469
143924219
144155582
144194304
144201318
144458841
144462697
144514566
145151809
145755099
146344020
146439804
146520491
146522930
146559012
146559015
146846569
147083089
147084337
147114002
147207533
147302681
147835092
148274098
148305766
148544875
148612685
148781497
148914726
149121385
149175965
149248196
149252961
149346418
149473467
149573659
149600376
149629043
149861542
149926346
150101472
150101476
150101799
150143137
150187916
150300654
150357064
150357290
150361911
150429807
150437899
150440860
150442264
150443185
151826930
152223725
152507230
153166843
153742549
153991851
154067797
154222671
154339231
154511165
155540827
155884454
155915231
156067195
156074324
156758188
156758257
156832130
157018051
157273321
157788279
157889314
157968186
158016784
158183591
158218818
158276780
158321843
158334003
158366841
158450472
158579379
158849879
159105713
159150734
159208074
159444225
159464498
159502560
159510983
159628659
159723646
159854359
159871619
160199003
160328766
160585813
160618494
160704414
160991022
161083755
161638713
161687311
161744580
163377314
164544018
164554097
164646288
164677806
164782264
164886585
165147482
165456443
165626871
165721304
165991532
166074503
166319733
166803688
166833476
166874908
166933255
166968742
166969516
167005326
167086201
167123437
167201539
167251459
167303776
167524561
167526485
167554898
167656297
167673218
167692429
167717848
167717852
167719897
167747439
167756615
167792080
167891342
168191566
168674931
168675489
168696027
168697816
169168102
169316288
169532543
169573910
169662927
170246850
170265784
170516068
170729895
172742334
173038281
173077938
173432542
175182754
175302441
175400938
175402069
176252796
176406202
176910080
177077475
177258700
177308817
177310620
177441630
177961519
178171080
178242590
178284730
178352046
178858648
178938437
179040607
179295564
179368346
179623765
179637067
179637488
180412528
181062415
189349514
193774939
193831684
193948188
193971913
193994472
194025647
196815186
196920546
197933923
198006960
198011271
198037741
198076334
198109209
198240299
198242676
198242678
198280388
198354443
198358825
198366673
198388252
198408416
198418712
198457457
198537349
198555959
199420503
199661915
199662929
199688293
199688409
199688472
199709055
199716496
200297691
200363295
200368010
200373531
200375020
200440175
200440270
201186294
201291281
201747686
202299805
202442974
202444594
202490797
202839485
207385593
207394908
207398432
211116547
211215485
213067604
218988566
219096494
219107776
219154792
219173590
219176881
219201178
219203188
219222201
219234021
219244444
219345200
219346326
219362976
219373406
219389540
219421171
219435542
219738202
219750638
219771660
219773223
219790151
219795383
219859691
219893630
219900027
219927211
220015845
220042007
220082557
220389612
220391605
220397947
220402294
220416446
220420534
220430912
220474209
220521199
224308601
224605072
224605859
224606205
229476285
229480487
229495981
229510866
229585542
229687624
229689154
229740848
229751802
229751806
229771234
229777486
229804573
229810745
229910322
229913521
229914020
229938859
229975095
230017324
230063769
230065962
230086768
230114503
230273344
230386284
230955191
231075361
231093356
231292500
231714759
231809798
231822771
231922417
231972938
231973885
232030067
232572560
232629077
232681393
233006806
233060434
233195058
233207585
233211759
233233639
233390838
233397725
233460141
233524881
233531814
233532554
233544319
233569141
233659263
233679640
233684437
233720276
233722938
233738458
234211934
234386436
234451000
235073221
235598526
235666667
235718636
236865152
236973844
237069277
237104103
237200747
237234024
237277760
237278994
237290473
237917228
237918394
237941053
238162237
238776175
238892775
238896417
238914431
238917338
240931244
241078868
241751294
241843363
242530449
242944454
243248327
243319567
244207973
244208023
244865631
245035219
245863693
246745789
247160445
248399337
248403190
248410138
248990782
249943198
250195155
250196734
250453538
252096958
252109307
252791409
253832770
253844234
254258206
254278612
255552705
255565860
255586667
255700967
255806138
255921197
255993777
256298934
256327585
256640561
256775514
257648522
258351350
258773798
258799793
258923466
259126645
259128582
259373684
259408109
259701720
259850442
259967623
260003467
260131665
260132330
260161144
260162199
260239481
260304296
260352096
260370454
260502102
260504147
260506296
260654645
260659986
260709448
260772408
260778617
261105201
261136000
261205462
261332760
261335113
261646556
261656371
261749149
261863003
262434790
262465161
262613883
263074592
263635510
264180664
264537668
264540478
264594193
264688425
265613590
266195807
266610248
266845051
267542072
268289462
268772301
269411609
269609504
269696438
269762258
270341486
270491267
270491865
270665642
271013213
271040768
271529021
271547896
271550131
271596290
271763731
271773721
271900514
271900941
272086159
272086869
272179220
272650576
272839425
272944291
273043307
273792220
273861698
273885188
274039489
274088422
274129522
274135602
274238240
274509791
274551602
275367529
275489982
276232142
276456395
276935987
277943745
278003738
278180434
278270436
278352995
278683641
278731274
278780044
278825952
278863150
278895603
278956474
278988794
279081935
279087522
279089927
279156705
279202406
279254042
279401848
279462605
279569707
279569718
279570232
279572906
279615979
279741942
279955276
280033934
280564453
280685089
281114303
281498280
281577119
282270717
282925798
283677584
283987930
284050381
284364590
284445951
284595199
284611896
284613090
285181196
285516033
286169292
286358203
286956931
287151976
287256222
287326187
287328866
287351976
288312840
288346083
288471108
288517585
288778712
289166536
289370888
289379110
291340620
291385340
291466214
293151358
293345927
293480903
293525651
294092960
294092966
294200378
294206429
294206967
294261093
294273900
294327312
294396726
294784522
294929861
296184440
296638064
298246821
298541138
298661555
298666271
299160301
299219025
299443090
299702740
299778628
299899924
299906906
299948201
300560295
300654002
300871545
301022235
301264684
301323571
301741204
301859899
301956407
302136704
302146957
302384263
302386283
302625238
302686340
302773503
303255899
303909865
304033253
304101379
304458680
305386053
305399324
305399325
305430209
306263608
306578324
306580215
306773020
306956190
307016006
307062898
307084879
307085577
307216760
307297481
307433122
308396022
308402602
308451526
308453624
308457026
308542383
308991822
309146836
309658221
309720946
309809572
309828087
309908721
309998013
310004006
310170268
310308203
310556491
311070085
311128363
311183180
312060302
314459000
315810194
316450573
316520410
317191077
317250858
317470793
317651704
317839169
318512022
318937509
320205468
320415482
320536498
321656644
321724822
321818578
323282620
323292655
323301918
323442776
323727556
323968843
327012081
327121759
327251785
328417482
328860378
329246824
329248002
330847328
330998582
332079835
332204084
332891271
333247721
333642126
333804979
336168208
336485975
336767770
337028799
337440887
337886863
338071673
339258033
339731418
339960875
340065168
340110295
340633943
340985103
341040660
341309569
341487695
341550561
341615749
342010156
342061072
343422347
343553606
344031627
344175457
345170707
345482340
345919804
346181153
347552724
348319604
348839788
348898049
349057976
349059354
349091359
349154435
349156098
349195685
349308842
349309442
349310205
349409844
349480507
349518145
349518800
349519544
349523518
349642881
349790953
349832824
349835367
349972148
350030939
350142099
350146577
350297040
350298314
350443417
350445771
350478924
350479101
350480660
350522254
350561815
350622185
350740905
350764481
350765919
350954272
351556896
352110251
352165018
352979549
353077789
353854078
353894978
353939279
353987913
353989471
354014743
354385277
355151781
355152971
355357949
356015357
356015361
356150515
356340346
356524567
356701798
356820646
356896561
356974629
357047278
357345626
357790008
358018764
358108063
358179405
358335586
358510596
358659512
359188252
359390362
359497418
359552377
359588615
359631482
359675849
362104293
362220700
362520882
363149298
364186087
364302118
364395234
364399376
365070128
365368501
365428002
365694569
366557556
367681735
367835766
367838785
368208585
368260545
369334982
369506001
370065236
370134610
371839073
372419506
372743588
372758722
372816629
373844472
374040120
374704025
374828411
374944608
375599392
375853985
376593757
377055044
377190161
377192659
377192675
377296926
377307592
378363284
379628820
379631121
380618779
380651349
380783252
381948745
381950094
382028425
382069435
382160146
382188882
382517745
382631678
383346621
383427491
384031569
384742846
384992041
385041086
386687697
387237076
387513120
388179896
388508344
388602832
389015383
389510663
389669796
389761749
389922504
390021728
390408482
390632932
390668263
390896668
390955053
391887389
391927558
392536812
393491149
393672471
393871721
394179296
394230860
394452884
396170777
396424970
396486931
396696863
396903513
396953669
396954096
397048159
397058826
398785689
399664959
399788405
400302671
401227592
401606923
401946845
402447670
403118245
404103665
404123632
404804908
404854539
404927661
405034090
405219270
405219739
405220019
406095880
406798603
406864355
407298349
407515765
407594410
407661994
407823917
407824089
408131298
410354930
410868364
411416726
411451519
415045920
416024040
417118871
417126296
417175621
417734853
418295363
418532689
419575080
419744996
420114772
420137341
420645952
420757505
420947520
420962954
422251657
422284103
422844353
422965201
423027012
423524230
424796997
424992973
425064757
425158608
425172025
425206121
425215390
426111509
426588729
426803687
427063387
427578308
427654774
428055818
428772119
428784674
428795527
428987718
431589510
431936432
435336503
436243444
436592342
436847239
437212966
437241830
437322147
440676745
440796977
441128066
441183795
441499423
441641972
441687696
441690583
441721258
441721286
441734144
441739153
441794509
441804888
441807438
442240473
442918617
443171652
443969553
444801274
445556827
445924091
445932196
446175401
449999729
452786194
452845139
453012065
453097744
453552912
454190342
454222105
454665792
454855280
455110001
455206965
456610411
457172621
457427613
458267524
458481461
458842028
458847254
458911894
459252372
461579405
461625381
461713146
462785373
463507016
464380201
464422047
464886060
467181063
467668926
467785365
468276605
468606062
468641429
468887783
468948126
468958374
469441650
470124714
470152814
470212961
470901118
471012349
609742113
640714388
1717079071
1883519478
1981303680
